4.673091
4.439437
4.595208
4.465398
4.452417
4.374533
4.647129
4.569244
4.776937
4.344184
4.239506
4.056318
4.056318
3.703027
3.938552
3.886213
3.899298
4.134828
4.12174
4.108657
3.873127
4.213014
4.371495
4.146978
3.988496
3.962081
3.909253
3.671528
3.882839
3.816806
3.579079
3.579079
3.579079
3.328148
3.447009
3.510804
3.163727
2.816651
2.282688
2.215943
2.055756
2.042405
1.908916
2.122501
2.322736
2.616415
2.469574
2.563019
2.603066
2.521802
2.75229
2.521802
2.562476
2.386222
2.643823
3.050569
3.064126
3.335287
3.511542
3.253938
3.294613
3.253938
3.445041
3.239162
3.801899
4.035227
4.035227
4.323459
4.062678
4.062678
4.076404
3.93915
4.172479
4.625414
4.611689
4.50024
4.444851
3.960209
4.098679
4.098679
4.098679
3.807895
3.849436
3.987904
4.14022
4.195607
4.278689
4.23528
4.053566
4.207321
3.983679
3.899812
3.843901
4.277213
4.10948
4.165391
4.36108
4.263235
3.885835
3.843901
3.885835
4.182455
4.267234
4.620479
4.676998
4.747651
5.072639
4.973727
4.959597
5.129157
5.129157
5.143287
5.369367
5.044376
5.126703
5.397278
5.183664
5.027015
5.126703
5.297593
5.482725
5.440001
5.553929
5.525445
5.468482
5.297593
5.126703
5.325727
5.139111
5.239598
5.670247
5.727671
5.268308
5.196533
5.282663
5.253953
5.397505
5.153465
5.08169
5.067336
5.081113
5.153493
4.950827
5.066638
4.820544
5.095587
5.298254
5.356158
5.529872
5.71806
5.891775
5.848348
5.8773
5.807488
6.17228
6.011777
5.99718
5.822079
6.084732
6.245242
6.274424
6.420341
6.33279
6.33279
6.245242
6.434932
6.645124
6.306987
6.365794
6.395197
6.527509
6.556914
5.777727
5.836535
5.718925
5.410188
5.454294
5.542501
5.544363
5.57401
5.722258
5.766732
5.900149
6.107697
5.959451
5.811205
5.974274
6.16699
6.270762
6.063218
6.078044
5.974274
6.337526
5.993743
5.889113
6.262787
6.217947
6.06848
5.844273
5.575225
5.500492
5.575225
5.635015
5.649965
5.739645
5.76096
5.972092
5.92685
5.91177
5.91177
6.017337
5.957013
6.03242
5.92685
5.836365
5.821285
5.881606
5.76096
5.709263
5.846287
5.541794
5.572239
6.013758
6.348701
6.348701
6.363926
6.348701
6.485724
6.759766
6.774993
7.000227
6.908116
6.570385
6.294062
6.355467
6.493629
6.693194
6.601087
6.84671
6.769952
6.862062
6.816005
6.769952
6.769952
6.656636
6.517311
5.88261
6.068377
5.851645
6.269625
6.083855
6.161257
6.099336
5.99097
5.603958
5.665878
5.6504
5.63458
5.775444
5.697185
5.650229
5.806745
5.994562
5.744138
5.931955
6.13543
6.119778
6.260643
6.370203
6.276292
6.259553
6.306975
6.18052
6.417626
6.670536
6.544081
6.322784
6.322784
6.670536
6.828605
6.79699
6.986673
7.272623
6.857952
7.01744
7.176927
6.842003
7.113129
7.113129
7.081231
7.160977
7.320465
7.416156
7.639434
7.846769
7.846769
8.168224
8.602364
8.747075
8.650599
8.972182
9.213374
9.004345
8.68276
8.68276
8.923948
9.100821
9.165133
9.229445
9.547683
9.077598
8.883076
9.028965
8.526453
8.575084
8.656137
8.688556
8.915497
9.531474
9.499052
9.677363
9.758414
9.720114
9.671108
9.834468
10.471588
10.749302
10.063178
10.063178
10.422577
10.177528
10.504257
10.618608
10.651283
10.60228
10.765639
10.955635
10.379895
10.873393
10.791142
10.569065
10.758241
10.988536
11.64653
11.975536
12.057778
12.288082
11.202391
11.00499
11.346532
11.064942
11.479045
11.744069
11.694386
11.909717
11.992539
12.307257
12.472907
12.737929
13.533015
13.731788
12.936707
12.455722
13.189397
13.256093
13.15605
13.772994
14.173184
14.139834
14.423297
15.156965
15.974009
16.040709
16.007357
16.90778
15.790927
15.723882
15.522717
14.986296
14.885716
14.952772
15.355083
16.83025
16.159723
16.193247
15.824459
15.790927
16.964357
18.170876
18.609144
17.597773
18.339432
17.968603
17.682049
18.272009
18.979967
17.800041
17.530346
17.29435
16.114435
15.339048
16.002045
16.205462
17.053026
17.527657
17.510706
16.832645
16.747894
16.222406
16.527531
16.273264
16.866564
16.290213
16.544493
16.936977
16.135344
16.254738
16.578804
16.101229
16.76643
16.152393
16.340014
17.687468
17.55102
17.75569
18.69379
18.847305
18.986073
20.186642
19.775015
20.272385
20.975573
21.64448
20.992735
21.455809
20.42675
20.6154
21.112787
20.718309
20.941271
21.306047
21.012997
21.564611
22.685085
24.046873
23.63316
22.685085
21.995558
20.823383
19.323687
19.392632
17.186186
14.893553
15.13167
14.784609
15.565486
15.28784
14.958133
13.778144
15.617546
15.964602
17.335476
16.224894
17.509001
18.393997
17.942816
16.460209
16.565058
17.298958
16.80969
19.553057
18.05031
18.1901
18.696844
16.984423
17.578529
18.155153
18.260004
19.256001
20.334641
20.12356
19.666203
19.419945
20.93272
20.545727
20.827175
20.141146
19.789345
19.296795
18.980183
18.206192
18.258965
19.000748
20.515495
19.94857
21.100136
21.117851
21.401306
19.452517
18.81473
17.043097
17.76947
18.495834
18.070637
17.663166
16.938776
15.974922
16.492546
15.796432
15.992776
13.761639
16.778137
18.402395
18.580885
18.991425
18.598745
17.277912
16.403294
15.44628
14.042073
14.222095
14.456136
14.024072
14.546149
13.159942
13.17795
13.213953
13.015922
12.60186
12.709878
12.961917
12.485539
14.560395
15.90723
15.270214
15.233812
14.542193
14.432988
14.269183
13.850573
14.150883
14.487597
15.90723
17.763681
16.45742
14.106361
13.922684
12.636949
13.94106
13.959418
14.326777
13.665536
15.428834
15.888026
15.796184
15.208419
15.428834
16.602222
16.286877
16.323975
15.544874
15.322276
13.819729
12.984977
13.337433
14.450424
14.357678
11.964726
11.66793
11.797776
12.301776
12.58393
13.881821
13.806592
14.446127
14.765895
14.803514
16.007364
16.1315
14.897573
15.4694
14.789214
14.762131
15.974384
15.639688
16.05958
16.658997
15.088948
16.111311
16.738121
17.319273
17.15498
16.284744
17.343616
17.863928
17.678328
18.131664
17.821432
19.025499
18.438818
17.925865
18.506395
19.305008
19.504667
19.458586
19.320374
19.255867
19.424807
18.890345
17.996513
17.869421
15.808155
18.101891
17.39827
16.431175
17.677233
18.799311
18.867493
19.543219
19.385139
20.144556
19.025581
19.583515
19.222992
19.279331
19.883371
19.989782
19.060246
19.028946
19.827032
19.204216
18.966364
19.028946
19.191698
20.280857
21.431229
21.857769
21.690317
21.491261
21.775621
22.132643
22.628689
22.679245
23.279566
23.333273
24.29694
24.056814
23.952543
22.423326
22.647034
22.379477
22.411327
22.557848
21.853912
19.595583
19.63699
20.229441
21.91762
21.885771
22.105541
22.32214
22.070505
21.951366
20.280104
20.595079
18.64098
19.090939
22.279194
22.439886
22.581308
21.568913
22.108856
22.90591
22.523447
21.932079
22.139765
22.804768
22.438204
22.785311
23.291361
23.187548
22.584183
22.723669
22.039202
22.340885
22.82423
22.460903
22.379808
22.042135
23.086775
22.458019
22.923038
23.361849
23.866161
23.767914
24.530931
24.232925
24.285313
24.151056
24.298422
25.189144
25.922413
26.061123
26.292303
26.424406
27.372271
27.461439
27.586937
26.665503
26.847155
26.9165
25.886082
26.173407
25.149593
25.2987
26.429699
26.28957
26.539783
27.063574
27.25708
27.310459
25.265354
25.405468
24.928379
24.804941
25.165255
25.058495
25.572418
26.63442
26.833345
26.664766
26.415297
26.641161
27.399725
27.463802
27.902075
27.500885
27.423338
27.618895
27.895336
27.344604
27.184607
27.269716
27.409302
27.593143
27.501225
27.729313
27.402489
26.742029
27.303766
27.736134
28.30126
28.461279
28.947845
29.050957
28.875635
28.95471
28.844704
29.037209
29.17128
29.222849
28.844704
29.205652
30.422537
30.597879
29.982544
30.973045
31.014719
30.542484
30.667469
31.348066
31.243893
30.41749
31.10499
31.91058
32.94532
31.841125
32.27169
32.167515
32.174881
31.69799
32.749935
32.953297
31.368401
31.480591
31.620865
32.048653
32.883175
32.834091
32.076698
32.813046
32.806011
32.407505
31.819796
30.977234
31.161331
31.635712
31.352499
31.416216
31.890621
32.209232
31.954327
32.973938
33.030582
32.414574
32.889866
33.347469
33.426109
32.160568
32.282127
32.87558
32.067627
31.173887
30.923624
30.523224
31.188177
30.630482
30.680529
31.069571
31.597639
30.548727
30.454695
30.577663
30.418512
30.570429
31.814655
31.995518
32.885288
32.957615
33.99205
33.369946
33.562294
34.344681
34.322731
33.745102
34.052204
33.489174
32.311916
32.757954
31.507607
32.114494
32.655598
33.430664
33.043137
33.969296
34.671597
34.671597
33.666191
33.814041
33.806671
34.649406
36.904175
37.310768
36.371906
35.684376
36.504971
36.416252
36.442959
35.419662
35.412189
35.927578
36.450436
36.084419
37.451336
38.586674
39.079636
38.392471
39.206623
38.937721
38.586674
39.004379
38.845837
39.585751
40.446472
40.952339
41.065578
40.484219
40.544621
40.340778
41.352497
41.41291
41.193947
40.393616
39.411057
40.677464
40.700352
40.730869
40.616409
40.723228
40.883438
39.700958
40.234982
40.425713
41.234364
40.32653
38.152283
39.30267
38.276703
39.873489
39.356655
39.225529
38.893818
39.372097
39.163815
39.526371
39.30267
39.55722
39.495514
39.171513
39.199219
39.058846
38.177532
38.130726
38.333504
38.606483
37.678356
36.976437
36.656647
37.89674
40.36911
40.454895
39.526802
38.232105
39.451756
40.470631
39.704498
41.631668
41.126183
37.571972
37.935276
35.629002
34.736504
35.044518
34.080948
36.434628
35.834343
33.782589
33.59029
32.93322
31.931597
30.849863
28.822584
31.63513
36.082306
33.782589
34.215298
34.135162
31.843462
29.439569
29.078104
34.105057
31.017183
32.108932
30.096531
31.416412
31.204578
32.418537
29.860262
29.469179
27.644159
27.709337
24.8496
24.738293
22.512014
20.426954
18.607721
18.001307
22.835983
24.572149
27.687284
26.790123
25.502541
25.095491
25.868044
26.773514
28.58861
31.75757
31.096682
29.215628
17.683594
19.691734
17.853048
20.479752
17.361601
13.913007
9.718766
13.768959
12.913172
12.938623
11.959344
11.578031
12.418651
11.257383
6.222326
5.407702
5.702354
5.312376
4.827068
3.284487
3.423146
2.721184
5.005441
5.37911
6.378459
6.604399
8.298952
9.211404
7.9079
7.560297
12.313726
9.272232
9.61983
9.793632
10.306339
11.933137
11.498258
11.089466
10.993797
10.332775
11.211236
10.880727
12.863782
14.281497
15.125163
15.186051
15.638329
14.864234
14.768841
15.343229
14.446832
14.220554
15.230092
15.021226
14.116121
12.688842
13.097878
13.90725
14.002981
13.463401
14.16834
13.611209
13.088706
13.280289
13.114834
14.612673
14.159836
12.975493
13.219334
13.062581
12.583624
13.828921
14.508175
14.543012
14.682552
14.65641
15.597491
15.719481
16.198738
16.041883
16.059311
15.536491
14.098737
14.238154
13.933178
13.715336
13.375499
13.602153
13.79398
13.445205
12.067552
13.174906
12.189625
11.980358
12.24194
12.172183
11.535669
11.221775
11.021231
11.771095
11.824178
11.693286
11.867809
11.606023
11.501303
10.454147
9.982924
9.99165
10.785748
10.576313
10.174899
9.703682
10.349431
11.179915
10.979026
11.407005
11.651569
12.44639
13.319821
12.44639
11.87866
12.481325
12.900577
12.883108
12.402718
12.332842
12.568957
12.271777
11.65994
11.68616
11.782307
11.205423
10.759659
10.733437
10.759659
10.427517
10.121597
10.217743
9.859378
9.447872
9.342895
9.202924
9.701566
9.360391
8.748027
8.861754
8.494335
7.147139
6.289832
6.097375
6.78847
6.34232
6.113652
6.332622
5.526812
5.360395
5.1677
5.421708
5.658195
6.437729
5.684472
5.439225
5.062596
4.528307
4.939972
5.019925
4.563566
4.914609
4.879508
5.423624
5.800994
6.204696
6.397771
6.880455
7.082305
7.038426
6.91556
7.134962
7.073463
8.611174
8.655108
8.409076
8.110321
7.627041
7.345858
7.249203
6.801069
6.634119
6.168412
6.282642
6.168412
6.651846
6.951002
6.986198
7.197367
6.739834
6.880615
6.220709
6.431877
6.537462
6.810222
7.03899
7.17977
7.030193
7.74289
8.413312
8.025683
7.779009
8.210688
8.034493
8.316404
8.034493
8.677606
8.307597
8.034493
8.721652
8.686415
9.373573
9.330132
9.956255
10.017986
10.679386
10.256092
9.823977
10.247272
10.326638
10.370731
10.608837
10.088535
10.000348
10.653681
11.09501
11.086185
10.750774
10.565418
10.74195
10.291794
10.962613
10.803736
11.49221
11.854095
11.686393
12.057107
11.809965
11.544983
11.209322
11.359486
11.536147
12.17214
13.028961
13.011292
13.108455
12.763964
12.737463
12.869962
12.472468
12.684467
12.808283
12.764087
12.28676
12.419352
12.543099
12.932034
12.604979
12.392835
12.658018
13.188378
13.824814
13.983922
13.754097
13.426844
13.798336
13.86025
14.514788
14.833209
15.04549
14.550169
14.815522
14.877435
14.771298
14.408648
14.620929
15.328535
14.868632
15.541257
15.02794
14.797827
13.957047
14.293362
14.116353
13.496824
13.045453
12.841898
13.027757
13.39947
13.797737
13.664979
13.673834
13.576357
14.196285
13.620639
13.718058
13.806617
13.266397
13.461229
13.478943
14.284843
14.249417
14.187428
14.91518
15.057318
15.128382
15.359352
14.639795
14.399943
14.852994
15.243869
15.421533
15.2261
15.208332
15.137265
15.705804
15.261712
15.698268
16.019005
15.947729
15.128073
13.702575
14.014402
13.497659
14.691516
14.798425
14.593508
14.085678
14.450959
14.379962
14.156533
13.682863
13.888417
14.049287
13.906292
13.97779
14.397838
14.701703
14.612332
14.969819
14.746387
15.363057
15.678058
15.391208
15.606344
15.265714
14.969902
16.224863
16.04558
16.027658
15.911122
15.866299
14.432061
14.665122
14.028677
14.424569
13.992908
14.289677
13.831037
14.010898
14.496511
14.856223
15.09004
16.142208
15.467741
15.87242
15.719539
16.007313
15.087433
15.114488
15.574412
15.177611
13.70765
13.040304
12.228668
12.75172
11.678557
10.776738
10.939066
11.453102
12.210629
12.483406
12.483406
12.383828
12.275197
11.659627
12.673509
13.678336
13.180448
12.773087
12.564878
13.144239
13.470129
13.053715
12.562086
12.171506
11.808179
11.899009
11.962594
12.407669
13.06166
13.161576
13.670237
13.543072
13.824651
14.342393
14.53314
14.363517
14.135377
14.162757
14.281386
14.719409
14.600782
15.212186
15.221313
15.102677
17.356676
18.250971
19.035767
19.373411
21.14892
20.755074
20.700115
20.242151
20.773388
21.075649
20.736752
21.396225
21.332111
21.139765
22.45871
22.19309
23.301371
23.25296
22.839531
21.240952
21.67275
21.277702
20.52434
20.864273
21.443069
21.810562
22.049427
21.17664
21.351198
20.625406
21.817675
21.596455
21.034193
22.361502
22.886896
22.315413
21.937498
22.149502
23.015942
21.992805
21.771589
21.909845
22.204805
21.206638
22.587057
23.179991
23.476458
24.282475
23.930422
25.171881
25.755548
25.774075
24.560415
24.662321
24.634531
26.033485
27.028307
27.019003
27.800545
27.465597
28.219231
29.019382
29.512491
29.959091
29.726486
28.219231
29.745096
29.80092
29.428755
30.557133
30.043486
27.241798
28.007589
27.671385
27.830151
28.259747
28.157015
27.363201
28.876114
28.259747
28.166351
27.456594
28.140778
27.456247
27.184311
26.434141
26.284107
26.771715
28.253304
29.125376
29.547348
29.247286
28.82531
28.965967
29.003477
28.937836
28.61602
29.237904
27.758577
28.484102
26.81633
26.684416
24.865881
26.279247
26.872866
26.147335
25.41238
26.759796
23.961323
23.195097
22.14336
23.109821
24.23736
24.663742
27.762106
28.027411
26.890392
26.805122
27.582081
27.553654
27.771584
27.284821
27.903845
25.722963
26.27533
27.69433
28.732391
28.599064
28.903812
29.24666
28.170506
27.04673
26.837217
25.332502
26.218189
26.848179
26.924782
27.767376
28.016323
28.19825
28.150375
29.462145
28.131222
27.125854
25.881111
25.344912
26.340708
26.551357
29.078043
28.519035
28.287722
27.343191
27.863646
29.25153
30.571943
30.649044
32.056206
31.73815
31.979099
32.114029
32.451366
33.374718
33.878632
34.256565
33.820488
33.66544
33.63636
32.50256
31.81452
33.539455
33.77203
33.297195
27.618452
24.914749
23.562084
19.183203
21.065437
19.534294
24.244761
22.703861
21.631084
22.50881
22.986685
20.909399
22.099207
23.523075
27.41433
24.335279
24.796846
22.734531
22.872021
23.588919
22.803274
23.912996
24.433485
25.641409
25.994949
24.531689
25.827999
26.063694
25.216803
24.930021
23.229124
23.941128
25.078358
23.970795
24.623465
23.436794
24.040018
26.700142
26.512253
28.668043
28.964712
28.428797
28.528303
29.811926
30.160196
32.369225
32.846851
31.394068
29.503458
32.210014
33.205074
34.369293
34.538448
36.747478
37.939999
38.529999
38.68
39.490002
39.990002
