352.200012
339.929993
339.149994
325.799988
330.920013
333.619995
332.720001
324.149994
335.540009
337.929993
341.910004
337.220001
339.940002
340.079987
344.339996
335.119995
329.109985
338.390015
352
354.640015
354.579987
363.160004
358.709991
362.910004
355.429993
358.019989
358.420013
367.309998
361.609985
353.440002
344.859985
335.519989
327.829987
311.51001
322.559998
323.399994
316.829987
311.320007
306.049988
311.5
300.029999
312.480011
304.709991
311.850006
313.73999
317.119995
315.100006
322.220001
327.75
326.820007
331.75
328.720001
321
315.230011
332.230011
336.070007
343.049988
359.350006
369.059998
365.649994
370.470001
374.950012
373.589996
367.480011
375.220001
375.359985
380.399994
384.200012
379.019989
380.799988
375.73999
372.390015
377.48999
389.829987
379.429993
382.290009
377.75
371.160004
374.079987
380.25
384.220001
380.929993
387.179993
387.119995
385.579987
394.170013
395.429993
389.100006
383.589996
387.920013
385.899994
381.25
381.450012
392.5
384.200012
391.320007
392.890015
382.619995
376.140015
375.220001
379.100006
384.470001
387.040009
406.459991
419.339996
415.100006
418.859985
415.480011
408.779999
411.089996
412.480011
411.429993
412.700012
404.440002
405.839996
411.299988
403.5
401.549988
404.290009
416.040009
409.019989
412.529999
416.049988
410.089996
414.019989
415.350006
413.480011
409.76001
403.670013
403.450012
411.769989
414.619995
415.619995
411.600006
424.209991
418.880005
419.910004
414.850006
414.839996
417.079987
419.579987
422.929993
414.350006
410.470001
402.660004
411.730011
414.100006
418.679993
417.579987
422.429993
426.649994
430.160004
432.059998
433.730011
441.279999
439.769989
435.709991
429.049988
437.149994
436.109985
438.779999
448.929993
444.579987
434.220001
443.380005
446.109985
449.829987
450.179993
447.779999
441.390015
441.839996
448.940002
437.029999
440.190002
442.309998
439.559998
445.839996
450.190002
450.059998
447.26001
443.679993
447.600006
445.839996
448.109985
445.75
447.100006
448.130005
448.679993
450.140015
456.160004
460.540009
461.339996
461.720001
458.829987
457.630005
461.279999
460.309998
469.5
463.269989
467.829987
459.570007
465.390015
462.600006
463.059998
464.890015
463.929993
466.380005
467.380005
466.450012
469.899994
474.910004
474.720001
478.700012
469.809998
470.179993
467.690002
466.070007
464.73999
466.440002
471.059998
460.579987
445.769989
447.100006
446.179993
447.630005
450.910004
447.820007
444.140015
454.920013
457.329987
460.130005
458.670013
458.450012
442.799988
446.200012
449.549988
454.160004
453.109985
458.26001
457.089996
461.940002
463.679993
473.799988
470.98999
468.179993
471.190002
459.670013
462.709991
455.100006
469.100006
464.890015
473.769989
462.279999
462.350006
461.470001
452.290009
453.299988
446.959991
458.799988
459.829987
459.269989
460.679993
465.970001
464.779999
470.390015
478.649994
481.459991
481.970001
488.109985
485.420013
489.570007
495.519989
500.970001
500.709991
506.420013
509.230011
508.48999
514.710022
520.119995
525.549988
519.190002
523.650024
532.51001
527.940002
539.830017
549.710022
544.75
556.369995
559.890015
553.619995
562.929993
558.940002
555.109985
559.210022
560.099976
563.840027
572.679993
583.349976
581.72998
584.409973
582.48999
584.5
587.460022
579.700012
590.570007
592.719971
600.070007
599.969971
606.97998
617.47998
616.340027
611.950012
615.929993
616.710022
601.809998
611.830017
621.619995
635.840027
656.369995
647.97998
659.080017
644.369995
633.5
641.429993
650.619995
645.5
655.859985
636.710022
645.070007
653.460022
641.630005
652.090027
668.909973
678.51001
669.119995
673.309998
665.849976
666.840027
670.630005
657.440002
646.190002
638.72998
635.900024
662.48999
662.099976
665.210022
667.030029
651.98999
655.679993
680.539978
687.030029
686.190002
701.460022
700.659973
710.820007
700.919983
703.77002
730.820007
737.619995
748.72998
757.02002
739.599976
728.640015
748.869995
756.789978
748.030029
759.5
776.169983
770.52002
786.159973
789.559998
808.47998
801.77002
790.820007
804.969971
793.169983
784.099976
773.880005
757.900024
737.650024
766.340027
765.369995
812.969971
824.780029
829.75
847.030029
848.280029
858.01001
893.27002
898.700012
887.299988
916.919983
916.679993
915.299988
938.789978
947.140015
933.539978
900.809998
923.539978
899.469971
929.049988
923.909973
950.51001
945.219971
965.030029
966.97998
944.159973
941.640015
914.619995
927.51001
928.349976
963.090027
955.400024
983.789978
953.390015
946.780029
936.460022
975.039978
927.690002
961.51001
957.590027
980.280029
1012.460022
1020.090027
1034.209961
1049.339966
1055.689941
1068.609985
1099.160034
1095.439941
1122.699951
1110.670044
1122.719971
1107.900024
1121
1108.140015
1108.72998
1110.469971
1090.819946
1113.859985
1098.839966
1100.650024
1133.199951
1146.420044
1164.329956
1186.75
1140.800049
1120.670044
1089.449951
1062.75
1081.23999
1027.140015
973.890015
1009.059998
1020.090027
1044.75
1002.599976
984.390015
1056.420044
1070.670044
1098.670044
1141.01001
1125.719971
1163.550049
1192.329956
1176.73999
1166.459961
1188.030029
1226.27002
1229.22998
1275.089966
1243.26001
1225.189941
1279.640015
1239.400024
1230.130005
1239.219971
1238.329956
1275.469971
1294.589966
1299.290039
1282.800049
1293.719971
1348.349976
1319
1356.849976
1335.180054
1345
1337.800049
1330.290039
1301.839966
1327.75
1293.640015
1342.839966
1315.310059
1391.219971
1403.280029
1418.780029
1356.939941
1328.719971
1300.290039
1327.680054
1336.609985
1348.27002
1357.23999
1351.660034
1335.420044
1277.359985
1282.810059
1336.02002
1247.410034
1301.650024
1362.930054
1370.22998
1396.060059
1422
1416.619995
1433.300049
1417.040039
1421.030029
1458.339966
1469.25
1441.469971
1465.150024
1441.359985
1360.160034
1424.369995
1387.119995
1346.089966
1333.359985
1409.170044
1395.069946
1464.469971
1527.459961
1498.579956
1516.349976
1356.560059
1434.540039
1452.430054
1432.630005
1420.959961
1406.949951
1378.02002
1477.26001
1456.949951
1464.459961
1441.47998
1454.599976
1478.900024
1509.97998
1480.189941
1419.890015
1462.930054
1471.839966
1491.719971
1506.449951
1520.77002
1494.5
1465.810059
1448.719971
1436.51001
1408.98999
1374.170044
1396.930054
1379.579956
1426.689941
1365.97998
1367.719971
1341.77002
1315.22998
1369.890015
1312.150024
1305.949951
1320.280029
1298.349976
1318.550049
1342.540039
1354.949951
1349.469971
1314.76001
1301.530029
1245.859985
1234.180054
1233.420044
1150.530029
1139.829956
1160.329956
1128.430054
1183.5
1242.97998
1253.050049
1266.609985
1245.670044
1291.959961
1277.890015
1260.670044
1264.959961
1214.359985
1225.349976
1224.380005
1190.589966
1215.680054
1210.849976
1205.819946
1214.349976
1190.160034
1161.969971
1184.930054
1133.579956
1085.780029
1092.540039
965.799988
1040.939941
1071.380005
1091.650024
1073.47998
1104.609985
1087.199951
1120.310059
1138.650024
1150.339966
1139.449951
1158.310059
1123.089966
1144.890015
1161.02002
1172.51001
1145.599976
1127.579956
1133.280029
1122.199951
1096.219971
1104.180054
1089.839966
1131.780029
1164.310059
1166.160034
1148.699951
1147.390015
1122.72998
1111.01001
1125.170044
1076.319946
1073.430054
1054.98999
1106.589966
1083.819946
1067.140015
1027.530029
1007.27002
989.140015
989.820007
989.030029
921.390015
847.75
852.840027
864.23999
908.640015
928.77002
940.859985
916.070007
893.919983
889.809998
845.390015
827.369995
800.580017
835.320007
884.390015
897.650024
900.960022
894.73999
909.830017
930.549988
936.309998
912.22998
889.47998
895.76001
875.400024
908.590027
927.570007
901.780029
861.400024
855.700012
829.690002
834.890015
848.169983
841.150024
828.890015
833.27002
895.789978
863.5
878.849976
868.299988
893.580017
898.809998
930.080017
933.409973
944.299988
933.219971
963.590027
987.76001
988.609985
995.690002
976.219971
985.700012
998.140015
993.320007
998.679993
980.150024
977.590027
990.669983
993.059998
1008.01001
1021.390015
1018.630005
1036.300049
996.849976
1029.849976
1038.060059
1039.319946
1028.910034
1050.709961
1053.209961
1050.349976
1035.280029
1058.199951
1061.5
1074.140015
1088.660034
1095.890015
1108.47998
1121.859985
1139.829956
1141.550049
1131.130005
1142.76001
1145.810059
1144.109985
1144.939941
1156.859985
1120.569946
1109.780029
1108.060059
1141.810059
1139.319946
1134.609985
1140.599976
1107.300049
1098.699951
1095.699951
1093.560059
1120.680054
1122.5
1136.469971
1135.02002
1134.430054
1125.380005
1112.810059
1101.390015
1086.199951
1101.719971
1063.969971
1064.800049
1098.349976
1107.77002
1113.630005
1123.920044
1128.550049
1110.109985
1131.5
1122.140015
1108.199951
1095.73999
1130.199951
1166.170044
1184.170044
1170.339966
1182.650024
1191.170044
1188
1194.199951
1210.130005
1211.920044
1186.189941
1184.52002
1167.869995
1171.359985
1203.030029
1205.300049
1201.589966
1211.369995
1222.119995
1200.079956
1189.650024
1171.420044
1172.920044
1181.199951
1142.619995
1152.119995
1156.849976
1171.349976
1154.050049
1189.280029
1198.780029
1196.02002
1198.109985
1216.959961
1191.569946
1194.439941
1211.859985
1227.920044
1233.680054
1234.180054
1226.420044
1230.390015
1219.709961
1205.099976
1218.02002
1241.47998
1237.910034
1215.290039
1228.810059
1195.900024
1186.569946
1179.589966
1198.410034
1220.140015
1234.719971
1248.27002
1268.25
1265.079956
1259.369995
1267.319946
1268.660034
1248.290039
1285.449951
1287.609985
1261.48999
1283.719971
1264.030029
1266.98999
1287.23999
1289.430054
1287.22998
1281.420044
1307.25
1302.949951
1294.869995
1295.5
1289.119995
1311.280029
1310.609985
1325.76001
1291.23999
1267.030029
1280.160034
1288.219971
1252.300049
1251.540039
1244.5
1270.199951
1265.47998
1236.199951
1240.290039
1278.550049
1279.359985
1266.73999
1302.300049
1295.089966
1311.01001
1298.920044
1319.660034
1314.780029
1335.849976
1349.589966
1365.619995
1368.599976
1377.339966
1364.300049
1380.900024
1401.199951
1400.949951
1396.709961
1409.839966
1427.089966
1410.76001
1418.300049
1409.709961
1430.72998
1430.5
1422.180054
1448.390015
1438.060059
1455.540039
1451.189941
1387.170044
1402.839966
1386.949951
1436.109985
1420.859985
1443.76001
1452.849976
1484.349976
1494.069946
1505.619995
1505.849976
1522.75
1515.72998
1536.339966
1507.670044
1532.910034
1502.560059
1503.349976
1530.439941
1552.5
1534.099976
1458.949951
1433.060059
1453.640015
1445.939941
1479.369995
1473.98999
1453.550049
1484.25
1525.75
1526.75
1557.589966
1561.800049
1500.630005
1535.280029
1509.650024
1453.699951
1458.73999
1440.699951
1481.140015
1504.660034
1467.949951
1484.459961
1478.48999
1411.630005
1401.02002
1325.189941
1330.609985
1395.420044
1331.290039
1349.98999
1353.109985
1330.630005
1293.369995
1288.140015
1329.51001
1315.219971
1370.400024
1332.829956
1390.329956
1397.839966
1413.900024
1388.280029
1425.349976
1375.930054
1400.380005
1360.680054
1360.030029
1317.930054
1278.380005
1262.900024
1239.48999
1260.680054
1257.76001
1260.310059
1296.319946
1298.199951
1292.199951
1282.829956
1242.310059
1251.699951
1255.079956
1213.27002
1099.22998
899.219971
940.549988
876.77002
968.75
930.98999
873.289978
800.030029
896.23999
876.070007
879.72998
887.880005
872.799988
931.799988
890.349976
850.119995
831.950012
825.880005
868.599976
826.840027
770.049988
735.090027
683.380005
756.549988
768.539978
815.940002
842.5
856.559998
869.599976
866.22998
877.52002
929.22998
882.880005
887
919.140015
940.090027
946.210022
921.22998
918.900024
896.419983
879.130005
940.380005
979.26001
987.47998
1010.47998
1004.090027
1026.130005
1028.930054
1016.400024
1042.72998
1068.300049
1044.380005
1025.209961
1071.48999
1087.680054
1079.599976
1036.189941
1069.300049
1093.47998
1091.380005
1091.48999
1105.97998
1106.410034
1102.469971
1126.47998
1115.099976
1144.97998
1136.030029
1091.76001
1073.869995
1066.189941
1075.51001
1109.170044
1104.48999
1138.699951
1149.98999
1159.900024
1166.589966
1178.099976
1194.369995
1192.130005
1217.280029
1186.689941
1110.880005
1135.680054
1087.689941
1089.410034
1064.880005
1091.599976
1117.51001
1076.76001
1022.580017
1077.959961
1064.880005
1102.660034
1101.599976
1121.640015
1079.25
1071.689941
1064.589966
1104.51001
1109.550049
1125.589966
1148.670044
1146.23999
1165.150024
1176.189941
1183.079956
1183.26001
1225.849976
1199.209961
1199.72998
1189.400024
1224.709961
1240.400024
1243.910034
1256.77002
1257.640015
1271.5
1293.23999
1283.349976
1276.339966
1310.869995
1329.150024
1343.01001
1319.880005
1321.150024
1304.280029
1279.209961
1313.800049
1332.410034
1328.170044
1319.680054
1337.380005
1363.609985
1340.199951
1337.77002
1333.27002
1331.099976
1300.160034
1270.97998
1271.5
1268.449951
1339.670044
1343.800049
1316.140015
1345.02002
1292.280029
1199.380005
1178.810059
1123.530029
1176.800049
1173.969971
1154.22998
1216.01001
1136.430054
1131.420044
1155.459961
1224.579956
1238.25
1285.089966
1253.22998
1263.849976
1215.650024
1158.670044
1244.280029
1255.189941
1219.660034
1265.329956
1257.599976
1277.810059
1289.089966
1315.380005
1316.329956
1344.900024
1342.640015
1361.22998
1365.73999
1369.630005
1370.869995
1404.170044
1397.109985
1408.469971
1398.079956
1370.26001
1378.530029
1403.359985
1369.099976
1353.390015
1295.219971
1317.819946
1278.040039
1325.660034
1342.839966
1335.02002
1362.160034
1354.680054
1356.780029
1362.660034
1385.969971
1390.98999
1405.869995
1418.160034
1411.130005
1406.579956
1437.920044
1465.77002
1460.150024
1440.670044
1460.930054
1428.589966
1433.189941
1411.939941
1414.199951
1379.849976
1359.880005
1409.150024
1416.180054
1418.069946
1413.579956
1430.150024
1402.430054
1466.469971
1472.050049
1485.97998
1502.959961
1513.170044
1517.930054
1519.790039
1515.599976
1518.199951
1551.180054
1560.699951
1556.890015
1569.189941
1553.280029
1588.849976
1555.25
1582.23999
1614.420044
1633.699951
1667.469971
1649.599976
1630.73999
1643.380005
1626.72998
1592.430054
1606.280029
1631.890015
1680.189941
1692.089966
1691.650024
1709.670044
1691.420044
1655.829956
1663.5
1632.969971
1655.170044
1687.98999
1709.910034
1691.75
1690.5
1703.199951
1744.5
1759.77002
1761.640015
1770.609985
1798.180054
1804.76001
1805.810059
1805.089966
1775.319946
1818.319946
1841.400024
1831.369995
1842.369995
1838.699951
1790.290039
1782.589966
1797.02002
1838.630005
1836.25
1859.449951
1878.040039
1841.130005
1866.52002
1857.619995
1865.089966
1815.689941
1864.849976
1863.400024
1881.140015
1878.47998
1877.859985
1900.530029
1923.569946
1949.439941
1936.160034
1962.869995
1960.959961
1985.439941
1967.569946
1978.219971
1978.339966
1925.150024
1931.589966
1955.060059
1988.400024
2003.369995
2007.709961
1985.540039
2010.400024
1982.849976
1967.900024
1906.130005
1886.76001
1964.579956
2018.050049
2031.920044
2039.819946
2063.5
2067.560059
2075.370117
2002.329956
2070.649902
2088.77002
2058.199951
2044.810059
2019.420044
2051.820068
1994.98999
2055.469971
2096.98999
2110.300049
2104.5
2071.26001
2053.399902
2108.100098
2061.02002
2066.959961
2102.060059
2081.179932
2117.689941
2108.290039
2116.100098
2122.72998
2126.060059
2107.389893
2092.830078
2094.110107
2109.98999
2101.48999
2076.780029
2076.620117
2126.639893
2079.649902
2103.840088
2077.570068
2091.540039
1970.890015
1988.869995
1921.219971
1961.050049
1958.030029
1931.339966
1951.359985
2014.890015
2033.109985
2075.149902
2079.360107
2099.199951
2023.040039
2089.169922
2090.110107
2091.689941
2012.369995
2005.550049
2060.98999
2043.939941
1922.030029
1880.329956
1906.900024
1940.23999
1880.050049
1864.780029
1917.780029
1948.050049
1999.98999
2022.189941
2049.580078
2035.939941
2072.780029
2047.599976
2080.72998
2091.580078
2065.300049
2057.139893
2046.609985
2052.320068
2099.060059
2099.129883
2096.070068
2071.219971
2037.410034
2102.949951
2129.899902
2161.73999
2175.030029
2173.600098
2182.870117
2184.050049
2183.870117
2169.040039
2179.97998
2127.810059
2139.159912
2164.689941
2168.27002
2153.73999
2132.97998
2141.159912
2126.409912
2085.179932
2164.449951
2181.899902
2213.350098
2191.949951
2259.530029
2258.070068
2263.790039
2238.830078
2276.97998
2274.639893
2271.310059
2294.689941
2297.419922
2316.100098
2351.159912
2367.340088
2383.120117
2372.600098
2378.25
2343.97998
2362.719971
2355.540039
2328.949951
2348.689941
2384.199951
2399.290039
2390.899902
2381.72998
2415.820068
2439.070068
2431.77002
2433.149902
2438.300049
2423.409912
2425.179932
2459.27002
2472.540039
2472.100098
2476.830078
2441.320068
2425.550049
2443.050049
2476.550049
2461.429932
2500.22998
2502.219971
2519.360107
2549.330078
2553.169922
2575.209961
2581.070068
2587.840088
2582.300049
2578.850098
2602.419922
2642.219971
2651.5
2675.810059
2683.340088
2673.610107
2743.149902
2786.23999
2810.300049
2872.870117
2762.129883
2619.550049
2732.219971
2747.300049
2691.25
2786.570068
2752.01001
2588.26001
2640.870117
2604.469971
2656.300049
2670.139893
2669.909912
2663.419922
2727.719971
2712.969971
2721.330078
2734.620117
2779.030029
2779.659912
2754.879883
2718.370117
2759.820068
2801.310059
2801.830078
2818.820068
2840.350098
2833.280029
2850.129883
2874.689941
2901.52002
2871.679932
2904.97998
2929.669922
2913.97998
2885.570068
2767.129883
2767.780029
2658.689941
2723.060059
2781.01001
2736.27002
2632.560059
2760.169922
2633.080078
2599.949951
2416.620117
2485.73999
2531.939941
2596.26001
2670.709961
2664.76001
2706.530029
2707.879883
2775.600098
2792.669922
2803.689941
2743.070068
2822.47998
2800.709961
2834.399902
2892.73999
2907.409912
2905.030029
2939.879883
2945.639893
2881.399902
2859.530029
2826.060059
2752.060059
2873.340088
2886.97998
2950.459961
2941.76001
2990.409912
3013.77002
2976.610107
3025.860107
2932.050049
2918.649902
2888.679932
2847.110107
2926.459961
2978.709961
3007.389893
2992.070068
2961.790039
2952.01001
2970.27002
2986.199951
3022.550049
3066.909912
3093.080078
3120.459961
3110.290039
3140.97998
3145.909912
3168.800049
3221.219971
3240.02002
3234.850098
3265.350098
3329.620117
3295.469971
3225.52002
3327.709961
3380.159912
3337.75
2954.219971
2972.370117
2711.02002
2304.919922
2541.469971
2488.649902
2789.820068
2874.560059
2836.73999
2830.709961
2929.800049
2863.699951
2955.449951
3044.310059
3193.929932
3041.310059
3097.73999
3009.050049
3130.01001
3185.040039
3224.72998
3215.629883
3271.120117
3351.280029
3372.850098
3397.159912
3508.01001
3426.959961
3340.969971
3319.469971
3298.459961
3348.419922
3477.139893
3483.810059
3465.389893
3269.959961
3509.439941
3585.149902
3557.540039
3638.350098
3699.120117
3663.459961
3709.409912
3703.060059
3756.070068
3824.679932
3768.25
3841.469971
3714.23999
3886.830078
3934.830078
3906.709961
3811.149902
3841.939941
3943.340088
3913.100098
3974.540039
4019.870117
4128.799805
