0.395315
0.379877
0.415164
0.400277
0.41351
0.416818
0.432256
0.43005
0.457617
0.469747
0.502828
0.486287
0.488492
0.503931
0.5326
0.522676
0.496212
0.54473
0.577811
0.60207
0.654999
0.662718
0.648382
0.670437
0.668231
0.670437
0.646178
0.691388
0.646178
0.608686
0.557962
0.568989
0.531498
0.505033
0.542525
0.509444
0.527087
0.533703
0.555757
0.571195
0.502828
0.546935
0.559065
0.5734
0.571195
0.599864
0.606481
0.637356
0.654999
0.649485
0.668231
0.661616
0.669334
0.68808
0.752036
0.789528
0.879949
0.917439
0.910824
0.902002
0.932877
0.904207
0.852381
0.827019
0.936185
0.970369
0.94611
0.94611
0.88877
0.893181
0.906413
0.875537
0.970369
0.968164
0.972574
1.001245
0.902002
0.901451
0.817095
0.899797
0.896489
0.939494
0.969267
1.068509
1.081741
1.128055
1.128055
1.068509
1.098282
1.144594
1.167752
1.166097
1.185946
1.190907
1.184292
1.225643
1.260377
1.257069
1.270301
1.286842
1.379468
1.349695
1.366235
1.460516
1.49525
1.657346
1.673887
1.649075
1.591185
1.663963
1.568028
1.515099
1.63419
1.56472
1.601109
1.700351
1.604418
1.554796
1.534947
1.688773
1.485327
1.505175
1.515099
1.455554
1.531639
1.601109
1.601109
1.488635
1.458862
1.324885
1.386911
1.379468
1.394354
1.443976
1.443976
1.404279
1.40924
1.384431
1.476229
1.508483
1.563066
1.585397
1.563066
1.563066
1.635017
1.694562
1.759069
1.761551
1.840946
1.850869
1.885604
1.821096
1.821096
1.71441
1.786361
1.731778
1.694562
1.729297
1.7814
1.773956
1.716891
1.766513
1.659827
1.582915
1.654865
1.64246
1.766513
1.672233
1.719373
1.7814
1.766513
1.726816
1.615169
1.697043
1.726816
1.697043
1.835982
1.838464
1.865755
1.773956
1.736741
1.756588
1.731778
1.679676
1.610205
1.540736
1.468786
1.4539
1.493597
1.513445
1.426608
1.50352
1.54818
1.508483
1.587876
1.627573
1.677195
1.602763
1.59532
1.590357
1.563066
1.625093
1.590357
1.568028
1.702006
1.625093
1.5978
1.605244
1.600282
1.692081
1.699524
1.711929
1.684638
1.612688
1.563066
1.587876
1.607725
1.607725
1.622612
1.682157
1.736741
1.682157
1.726816
1.684638
1.821096
1.835982
1.835982
1.915377
1.940187
2.079125
2.098975
2.086569
2.103938
1.964998
1.99477
1.964998
1.930263
2.007175
2.044391
2.084088
2.193254
2.178369
2.257763
2.223027
2.257763
2.257763
2.223027
2.227989
2.15852
2.220546
2.357004
2.466171
2.44136
2.471133
2.545565
2.471133
2.51083
2.505868
2.515792
2.41655
2.426474
2.406627
2.490982
2.446323
2.376853
2.386778
2.461209
2.396701
2.431436
2.525717
2.72172
2.776304
2.93261
2.823443
2.763899
2.878026
2.977269
3.245224
3.175753
3.205526
3.389124
3.473483
3.299807
3.369276
3.453632
3.617381
3.587609
3.796017
4.113595
3.652118
3.676928
3.726548
3.830753
3.855564
3.746396
3.5628
3.791056
3.709182
3.5628
3.592571
3.408973
3.423858
3.791056
3.969692
3.949845
3.845639
3.468518
3.493328
3.423858
3.751359
3.508215
3.592571
3.483405
3.428821
3.404011
3.647156
3.592571
3.691813
3.974656
3.885335
4.108632
3.791056
3.776169
4.063972
4.01435
4.093745
4.143365
4.01435
4.356736
4.5056
4.401398
4.560184
4.644539
4.704084
4.714007
4.813253
4.88272
4.917455
4.768594
4.699125
4.460942
4.802706
4.728896
4.897607
4.942266
4.932342
4.892645
4.862872
4.862872
5.200295
5.483138
5.334274
5.413667
5.443442
5.349161
5.416147
5.453365
5.696509
5.914841
5.974385
6.227454
6.068668
6.351505
6.639309
6.688932
6.718703
6.688932
6.917188
7.616845
8.09817
7.969155
7.77067
7.542414
7.7409
7.681354
7.859993
7.463019
7.443172
7.477908
7.542414
8.544763
9.021122
9.586802
9.269231
9.165026
9.755519
9.844837
9.8498
10.291425
10.311271
10.122713
10.286464
10.301349
11.154833
10.996044
11.164755
11.115134
10.549457
10.896804
10.49487
10.901766
10.951387
10.733056
10.589154
10.713204
10.837256
10.499834
10.747943
10.321198
10.445252
10.584191
10.946425
11.234228
11.36324
10.857106
10.216993
9.586802
10.41052
10.083019
10.73802
10.976196
11.844566
12.55415
12.504529
12.315967
13.457255
13.139677
13.080132
12.990814
13.943542
14.767251
14.132103
14.628314
14.628314
14.231347
13.616046
14.201573
13.586271
13.46718
13.695431
13.616046
15.035211
16.583389
17.02998
17.972776
18.727022
18.072016
17.456715
16.811642
16.553616
17.565886
16.712404
15.342856
16.553616
16.73225
17.952923
16.533768
15.382554
16.682631
16.891033
16.811642
17.357479
17.466642
18.042244
20.334745
20.225586
21.277538
21.882925
22.508152
22.021868
23.798296
23.778454
24.810574
27.787861
25.406021
25.048758
23.460878
23.837997
24.602173
25.435802
27.182476
28.284054
29.435263
29.931482
27.509964
27.311483
25.822844
25.108299
24.413607
24.631933
25.62435
25.267092
24.810574
26.993908
26.974058
29.216946
29.613907
31.578901
28.661177
27.251926
27.033615
26.89467
26.477835
29.613907
30.44754
30.169657
30.626175
28.879515
28.576824
30.149811
27.966476
29.435263
29.395567
29.07799
28.323746
27.311483
28.939049
30.526928
29.812382
36.600563
37.29525
37.076923
35.389793
35.647823
32.948444
31.201778
33.841614
31.737684
30.189503
28.9986
30.526928
32.075115
31.559055
35.4692
33.742378
28.284054
23.540266
25.0686
22.150885
22.587545
21.853146
20.662251
19.511038
21.059217
21.853146
23.044064
24.671633
25.406021
26.041176
25.0686
22.964678
22.131039
21.952393
23.004362
22.547848
22.428762
22.289825
22.011946
20.384367
20.086639
19.153759
17.645283
17.06967
20.701941
21.495886
21.674513
21.396645
21.932552
22.210426
17.982698
17.288002
15.620739
14.747406
13.774833
15.600889
16.990282
19.372097
20.32482
19.31255
18.776644
18.201038
18.0224
18.00256
18.00256
17.327713
17.962852
17.367395
17.843767
19.746828
21.912697
21.315666
22.468456
22.03973
21.623703
22.519266
22.338249
23.24334
21.601477
21.858713
23.183001
20.979021
22.655821
21.96986
20.791664
21.24262
20.807535
19.651556
19.705547
18.117668
17.593672
18.285984
15.786661
16.250326
18.33045
17.904896
18.387615
19.753183
19.499128
20.70908
20.880579
20.550301
20.39151
21.541136
21.417292
21.449038
21.553839
21.880943
21.788845
20.991726
20.261309
19.899267
19.260948
19.12756
18.416203
19.489595
20.308945
19.845285
19.197424
19.152966
17.742928
17.761993
18.165312
16.355129
15.739033
15.894643
17.793743
16.914064
16.167755
16.507563
17.54603
16.602831
17.371368
17.41901
16.469461
15.739033
14.402047
14.103518
15.281725
15.878769
16.583788
15.586601
15.186458
15.215034
15.072121
14.370283
13.900272
15.519907
16.879129
16.729866
16.831501
17.498396
18.003349
18.489239
18.317745
17.615904
16.672701
16.844196
16.82197
17.08238
17.758808
16.342422
15.831135
15.072121
14.792655
15.338882
15.643762
15.101479
15.012265
15.840617
16.93022
15.719553
15.98717
15.42007
16.248417
16.070009
16.630739
16.796402
16.293024
15.432817
15.681322
15.08235
15.706801
16.777285
16.331259
16.885611
17.401733
17.134119
17.134119
16.675341
16.299402
16.273907
16.707197
16.898359
18.083542
18.058048
19.090302
17.962461
18.529575
18.421253
18.433992
17.050831
16.749672
16.724037
16.339573
16.08968
16.47414
16.647148
17.076466
17.531408
17.435289
17.589079
17.723633
17.81975
18.24906
17.717228
17.351994
17.038013
17.025198
16.999565
16.88423
16.26268
15.782111
16.038418
16.563847
16.326763
16.121714
17.64674
16.743259
16.518995
16.570253
16.589472
16.807339
16.627922
17.153351
18.165766
18.306734
18.306734
17.851789
17.608299
17.96072
18.25547
17.390438
17.313543
17.428888
17.595482
17.422451
17.666668
17.679518
17.538139
18.155085
17.987995
17.987995
17.827326
17.975145
18.836304
19.260452
17.261787
19.052734
19.503992
19.39654
19.310595
19.346409
19.138687
19.10288
18.708925
18.372282
18.751905
18.85218
18.601486
18.250525
18.141571
18.084099
18.026617
17.466204
17.444654
17.329697
17.918846
17.573977
17.947586
18.177504
18.120022
18.177504
18.493628
18.790142
18.328856
18.328856
18.047758
18.047758
17.809914
18.083797
18.588324
18.509043
18.458591
20.008224
19.496481
19.258635
19.496489
19.532629
19.214558
18.845873
18.267563
18.600094
17.775999
17.833828
17.913345
18.455515
19.272387
19.720579
20.291668
20.126402
20.30765
20.090153
19.50288
19.314386
18.959124
19.510138
19.713152
19.147629
20.148153
19.966892
19.350632
19.357885
19.372557
19.590796
19.765385
20.005461
19.648993
19.794489
19.823587
19.692644
19.750837
17.568426
17.313812
16.855505
16.411749
17.322906
16.621805
16.008352
16.139803
16.431923
17.016174
17.016174
16.278568
17.432446
17.70997
17.739174
17.841419
18.834639
18.947983
18.940645
18.764732
19.680975
19.541706
20.047482
20.428627
20.795139
20.839111
20.773138
21.059006
21.432833
21.550114
21.888571
21.417847
21.623795
22.204836
21.80031
21.962128
21.80031
22.955053
22.8815
22.506399
22.204836
21.314877
21.138359
21.329741
20.488371
20.141478
20.171001
20.680252
20.569548
21.071426
21.115705
21.41832
22.230167
22.554914
22.798466
22.754183
22.568743
22.650187
22.250355
22.576143
21.835703
21.820898
22.191113
22.08005
23.072241
21.761656
21.443266
21.258146
20.917559
21.406975
21.347525
21.132051
21.577869
21.28809
21.88994
22.1723
22.417509
22.417509
26.028677
27.537043
25.062725
25.330223
25.428875
25.048679
25.741983
26.323473
26.882593
26.927322
25.630169
25.279787
24.608829
24.55665
22.700363
21.291372
21.187008
20.63534
20.356291
20.857708
20.92507
21.838104
20.887648
21.82313
21.164547
22.451782
22.324562
21.883011
21.995264
22.444309
21.069698
21.272512
20.649057
21.835867
21.204912
20.754221
19.514828
18.966488
19.424686
19.65003
19.109207
21.129791
20.889425
20.911963
20.580585
19.343792
20.82946
18.97426
20.663536
19.84906
16.214098
18.046669
16.561003
16.840027
16.214098
15.128124
14.841554
15.352092
15.086354
14.699131
14.516916
14.524503
15.43561
14.820612
14.964872
13.059144
12.983226
14.926912
14.494134
13.666551
12.346006
11.680926
12.728235
13.041659
13.859633
14.333595
15.036903
14.677607
15.984831
15.472642
14.845789
15.457355
15.098057
16.070957
17.032598
17.948088
18.517374
17.963469
17.978857
17.22493
18.686628
18.040407
18.094261
18.125023
18.225033
18.778934
19.093416
19.046995
19.232674
19.542122
19.766479
19.310034
19.766479
20.501434
21.677372
21.453012
22.06419
22.922922
22.915192
22.705662
23.296227
23.195211
23.591503
24.088821
23.684755
23.824627
23.980036
22.503624
21.89752
21.77319
21.703253
22.355976
22.382458
22.320002
22.850872
23.100687
23.15534
22.764992
23.686214
23.943846
24.170242
23.842352
22.023335
22.585432
20.953779
20.232756
20.224915
20.122965
20.73465
19.236801
18.248686
19.0329
19.519117
20.240597
20.240597
20.036699
19.134853
19.001534
18.866383
19.150202
18.803307
19.883415
19.536522
19.221153
19.370956
20.135702
20.00955
21.026587
21.168507
20.711233
20.253963
20.029383
21.433424
21.687252
22.131475
22.448769
22.13941
22.686743
22.448769
22.226664
22.012486
22.028351
21.615866
21.465157
21.18508
20.706322
20.490877
19.7887
20.442993
20.331299
20.802074
20.243517
20.363213
20.682383
20.642488
19.972227
19.541344
19.886284
19.203594
19.042959
19.484699
19.516827
20.89826
21.621103
21.508665
22.111036
22.00663
20.625187
20.159353
19.316031
20.407825
20.852362
20.803862
21.919226
20.254259
20.116869
21.216055
22.040451
21.951548
21.806067
21.216055
21.749496
20.448246
19.787903
20.537081
20.927942
21.172241
21.196671
21.139664
22.890448
23.004452
24.193352
23.802483
24.624949
24.836668
25.447409
25.803457
26.295265
26.221495
26.721493
26.237888
26.442808
25.836245
25.254274
26.573961
26.213293
25.393621
25.541159
23.991968
23.976135
23.472858
24.462914
24.76819
25.329224
25.23847
24.908445
24.248405
24.850697
24.553673
24.545424
25.098209
25.494234
25.380756
25.596691
25.704657
25.920589
25.903986
24.716337
24.79108
24.251242
23.786148
23.429026
24.500399
23.943953
22.025448
23.1945
22.290171
22.156191
22.449265
22.985168
22.231552
22.390646
22.466015
22.817688
23.345224
23.387096
23.068901
23.454081
23.244741
23.597603
23.639824
23.673599
23.850889
24.154829
24.230816
24.306793
25.134197
26.839642
28.274921
27.599489
29.440016
29.136339
29.671965
30.326609
29.246868
28.286131
29.365891
29.085329
30.326609
26.696264
26.883308
27.11286
27.801531
27.036345
29.752619
28.596766
26.670336
28.279976
28.074484
28.485456
29.007736
29.221788
29.932428
30.591688
30.420452
32.346893
32.398251
32.167068
32.894142
33.092552
31.651869
31.746773
32.169479
31.841665
31.091124
31.384445
31.755396
32.643951
31.539722
32.454159
32.764729
33.29726
32.940891
32.767071
34.905174
35.026852
34.65313
34.079494
34.774815
34.687897
34.496677
34.366302
34.618362
35.116398
35.834145
36.306797
36.087975
36.48185
36.98077
36.586899
36.840706
39.116463
38.950157
37.514694
37.812294
39.203995
39.519089
40.012527
40.435295
41.131084
41.853306
40.875664
40.593822
38.77948
38.427181
40.629059
41.351269
42.874973
43.667648
42.258446
42.374317
42.914955
41.61208
42.241364
42.436348
41.443684
41.824806
40.982811
41.815926
35.806782
37.588245
38.882259
38.873398
39.141109
37.811131
36.936367
38.27528
36.570393
35.963417
37.239853
37.150585
42.729427
43.434589
42.622318
43.113255
41.86359
42.099728
41.452862
41.300133
41.416931
40.662258
39.889618
40.078297
41.884106
41.273178
41.95599
41.99192
42.225502
38.694736
39.727634
38.533901
39.320675
39.320675
39.736664
41.210754
42.603439
42.965168
47.812424
47.604427
49.666317
47.785294
49.006145
49.099758
50.902416
49.218124
49.281834
50.683907
50.510929
47.643063
46.423088
47.60664
50.155861
45.667427
45.976963
47.178734
47.040646
47.710037
48.663696
49.048813
49.709045
50.956123
49.901596
51.029476
47.480804
45.729378
46.206203
46.838917
46.417107
48.31152
47.822124
47.535873
46.289314
46.012295
47.240398
48.293056
49.585804
52.235912
52.337479
53.519417
53.500957
53.205463
53.918026
53.58353
52.22699
53.193291
53.360542
53.518501
53.704315
53.351246
55.432518
55.62764
54.549843
54.837872
56.073631
56.620811
55.423481
57.967819
58.276497
59.1558
58.126839
58.781628
58.650673
58.688091
61.531754
59.567375
59.866722
60.446674
60.813133
60.464928
61.104862
61.048401
61.151939
61.980083
61.810692
61.123684
62.488274
64.42691
64.935097
64.351639
63.702259
66.215904
67.919594
66.556664
66.253792
67.399033
65.241043
65.742683
68.88501
69.840958
69.131088
68.790367
68.619987
68.610527
69.29007
70.355797
70.393852
71.65937
70.803001
70.879135
72.315926
73.733704
74.989723
79.74733
80.061348
79.804436
78.405701
79.621872
80.578171
80.482544
83.055
81.77356
81.802261
84.336464
85.684837
86.067368
89.949959
87.769577
84.326889
87.979988
90.372498
89.4021
92.755272
90.891319
83.76223
87.691879
86.692642
89.430923
91.275635
92.063492
91.429367
93.869774
92.582314
94.913544
97.258377
98.068954
96.621513
96.891708
95.154778
97.61544
101.735802
102.546371
103.906967
104.254356
105.180717
103.810486
105.00428
108.811172
104.820236
109.818588
110.680717
110.787262
108.617439
106.137634
105.256142
103.60939
102.834457
106.137634
104.897728
100.272575
107.880325
101.975067
103.152237
95.563919
97.665306
99.163513
100.009888
104.786636
104.261292
99.99044
102.80201
105.282784
107.958153
109.943359
107.969788
113.245659
114.359451
115.228996
117.134186
118.169792
120.53418
126.904312
125.937065
124.207756
125.126144
123.794762
121.284355
128.854797
129.884491
134.31694
131.365234
134.405182
136.209549
133.973709
138.602264
134.24826
135.042587
133.493195
131.241837
135.639877
136.859909
135.108551
137.194412
135.511932
135.89566
137.430542
135.197113
138.463623
141.405502
143.609436
147.55484
147.180954
149.448944
149.814209
152.558746
155.402023
156.932251
156.596588
159.281876
164.96843
162.934692
168.058472
181.54425
182.985611
176.311829
160.380188
159.944641
157.232208
135.968292
148.194046
152.282501
163.478729
176.803314
172.794067
172.813858
182.822144
181.317429
181.663925
181.911774
185.832916
186.368973
193.724854
194.89624
204.753738
212.109619
201.398407
199.829971
203.512848
210.928314
207.374451
211.464371
227.787643
213.199524
203.029633
199.407455
206.801041
205.179031
214.751862
218.582993
215.1698
201.47728
222.623077
215.448425
209.358429
214.735428
213.867432
212.769943
218.087708
222.238144
221.908905
219.115341
212.161346
225.430786
231.426987
241.643448
244.427048
240.416275
232.380005
231.600006
235.75
230.350006
236.479996
242.350006
255.850006
