4.374923
4.285178
4.363699
4.195435
4.296396
4.330048
4.362142
4.282622
4.248541
4.214462
4.3167
4.191744
4.203107
4.191744
4.157665
4.214462
4.089506
4.225825
4.35078
4.396146
4.281063
4.396146
4.327098
4.407652
4.407652
4.407652
4.396146
4.488213
4.476703
4.534244
4.890999
4.7529
4.8526
4.550045
4.654776
4.736235
4.78278
4.771145
4.561678
4.643138
4.515133
4.643138
4.398763
4.619863
4.689685
4.75387
4.824646
4.77746
4.647702
4.789259
4.789259
4.87183
4.860037
4.706686
4.87183
4.966201
4.765663
5.013385
5.103697
5.139557
5.330798
5.29494
5.462275
5.533987
5.59375
5.486179
5.713274
5.749131
5.689372
5.665463
5.533987
5.609778
5.670229
5.63396
5.561417
5.63396
5.658139
5.621871
5.561417
5.682323
5.766951
5.682323
5.682323
5.561417
5.624486
5.771214
5.697852
5.771214
5.710078
5.771214
5.746765
5.78344
5.881259
6.01576
5.930169
5.917941
5.881259
5.66159
5.711033
5.797565
5.649228
5.735757
5.84701
5.760481
5.945904
5.809931
5.921181
5.958265
5.760481
5.785204
5.826085
5.788579
5.713565
5.563538
5.713565
5.47602
5.51353
5.588541
5.763573
5.876099
5.888599
5.926102
5.888599
5.998849
6.125406
6.138058
6.35321
6.264621
6.315241
6.226651
6.264621
6.226651
6.289929
6.315241
6.429146
6.429146
6.553641
6.476841
6.566442
6.400043
6.438439
6.553641
6.502443
6.476841
6.31044
6.46404
6.348837
6.272041
5.964838
6.141084
6.296557
6.166997
6.205863
6.309511
6.516806
6.439069
6.335425
6.283596
6.231779
6.024482
6.335425
6.413162
6.474791
6.73693
6.671395
6.632072
6.56654
6.776251
6.841785
6.933533
7.130136
7.234991
6.73693
6.920424
6.723824
6.758942
6.864961
6.944483
6.917976
6.917976
6.970984
6.931228
6.851708
6.772194
6.732435
6.904721
6.957732
6.864961
6.878214
6.942155
7.009167
7.022572
7.03597
6.96896
7.022572
7.102978
7.009167
6.995767
6.928754
7.009167
6.888553
6.871291
6.966163
6.695105
6.789975
6.817082
6.93906
6.830633
6.844187
6.91195
7.02037
7.169453
7.128795
7.101692
7.288436
7.247333
7.178835
7.151437
7.151437
7.219938
7.178835
6.891136
6.685635
6.904832
6.918533
6.891136
6.877434
6.795238
6.887968
6.790953
6.804811
6.887968
6.513774
6.347464
6.333602
6.416755
6.430616
6.416755
6.596928
6.555351
6.680083
6.67722
6.705277
6.67722
6.663193
6.761388
6.494856
6.452775
6.579027
6.733333
6.719306
7.027915
6.901666
6.663193
6.887462
6.901667
6.859062
7.00107
7.015272
6.986871
6.901667
6.930067
6.915864
7.128879
7.100478
7.128879
7.029473
7.286978
7.286978
7.272604
7.473826
7.502573
7.574435
7.660669
7.689418
7.718163
7.962501
7.991244
8.163722
8.034366
8.134517
8.105465
8.207143
8.207143
8.381453
8.105465
8.207143
8.323348
8.323348
8.512182
8.352404
8.207143
8.061881
8.089383
8.162786
8.192152
8.368324
8.64727
8.50046
8.485774
8.64727
8.779407
8.896848
8.764723
8.940894
8.867488
9.414761
9.325801
9.222019
9.696459
9.755769
9.651978
9.622323
9.889203
9.444411
9.622323
9.459236
9.577849
9.800247
9.756593
9.846377
9.547094
9.487242
9.45731
9.741628
9.756593
10.220479
9.801487
9.81645
10.100763
9.861343
9.996019
10.242414
10.514339
10.242414
10.37838
10.09135
10.423701
10.499237
10.635196
10.839139
10.31795
10.06114
10.242414
9.743895
10.051492
10.066744
9.944727
10.249784
10.310788
10.60059
10.173514
10.722611
10.539583
10.905642
10.798872
10.768372
10.905642
11.111463
11.434643
11.619327
11.680883
11.665495
12.265698
12.296473
12.142578
13.019794
12.665833
12.342647
12.758175
12.434979
12.88792
12.872412
12.438163
12.453666
12.546725
12.841392
13.415217
12.639773
12.562232
13.275639
13.089538
13.989055
14.330249
14.525988
14.963333
14.80713
15.306958
15.931732
15.869248
15.103908
16.150402
15.431911
15.103908
15.697441
15.900491
15.494389
14.744653
15.786211
15.393133
16.100681
15.864827
16.556654
16.163572
16.399418
16.242189
16.006336
15.754759
15.456022
15.125829
15.433541
16.19335
15.449375
16.209179
15.702646
15.259419
15.370232
15.670985
14.721234
15.401887
14.958672
15.021984
15.702646
16.094107
16.396864
16.25346
15.998496
16.396864
17.113935
17.241415
17.639771
17.01832
18.37278
18.739275
19.281052
18.659603
18.787083
18.091694
18.07567
18.412178
17.771208
17.963491
18.524351
18.684605
18.380135
18.556406
18.043619
18.01157
17.162266
17.530834
18.28266
17.428171
17.041246
18.202049
17.573284
17.637766
18.830816
18.250416
19.685301
18.379404
18.47613
18.959801
18.798578
18.67705
19.293135
18.547348
19.357973
19.69845
19.357973
18.96887
19.276926
18.433855
18.514921
18.223089
18.595984
18.012323
17.871347
17.365864
18.181162
19.289967
19.061689
18.670338
18.295301
19.485636
20.855335
20.431389
21.670643
21.638023
20.545523
21.696365
20.942558
21.155596
20.696754
21.073656
19.975737
20.844236
20.82785
20.795069
20.74592
20.811468
21.073656
21.385012
21.757071
20.900633
20.834745
21.1971
21.048857
19.714783
19.665363
19.17127
18.973618
20.258291
19.517136
18.611277
20.521826
21.124521
20.677183
21.878376
21.952934
21.903236
22.218027
21.356483
22.516262
22.201468
22.532837
20.909136
21.439325
19.583677
19.993355
18.943708
20.176626
20.53483
20.559832
20.593155
20.793087
21.209618
20.993017
21.059668
20.70978
21.326241
21.867733
21.911051
22.07856
21.224232
21.224232
22.614616
22.279575
21.039965
21.044155
20.788692
20.671432
21.442001
21.898483
21.810541
22.346428
22.350643
22.23275
22.502239
23.714937
23.310686
24.013884
24.102304
24.388639
23.83283
23.597023
23.580168
24.13599
24.456785
25.57383
24.050566
23.965937
22.781191
23.50897
23.542824
22.544243
22.425756
21.511808
21.934942
22.473825
23.25103
22.87208
22.730524
22.651577
23.408352
22.24052
20.933861
22.049973
22.349413
22.322182
23.185123
24.244072
23.833019
23.857527
24.675421
24.100937
24.333473
24.453827
24.31979
24.322529
23.901136
23.750652
23.526276
23.728764
23.383995
22.579531
22.628782
22.271391
22.948271
22.095289
22.508018
22.695127
19.717909
21.682543
22.392466
23.272964
22.30991
22.596075
21.880663
22.150318
20.780052
21.278233
20.702539
21.073425
20.403633
21.311443
22.019981
22.14176
21.311443
21.256098
21.676785
21.588219
21.195208
21.660864
22.674314
23.387056
23.893774
24.28355
24.205605
24.406063
23.737864
22.997272
23.676617
22.27338
22.601915
21.694281
22.514177
22.530979
22.362963
22.07733
21.926123
21.982122
22.917423
22.693394
20.458786
18.145754
19.652294
18.823429
20.217951
20.770697
20.376141
19.981583
19.339012
19.209375
18.527349
18.499163
18.634441
19.468662
20.291588
19.789942
19.536291
19.508108
19.772917
19.415478
19.744556
19.94313
19.880718
20.255188
19.653772
20.141708
19.994194
19.699156
18.547394
19.375751
18.921864
19.101643
19.524353
19.432951
19.872797
19.644314
20.563974
20.581112
20.289785
19.610039
20.009893
19.872797
20.586815
20.261225
20.394073
20.698984
20.940598
21.481377
21.820795
21.222492
20.923338
20.744997
20.480362
20.641449
20.572411
20.325037
21.009647
21.187973
21.160254
21.837975
21.994362
21.855347
21.426702
21.30505
21.866936
22.185524
22.394058
21.92486
21.189201
20.598366
20.999384
20.614401
21.116043
21.454374
22.201025
23.099331
23.361826
23.70015
23.501822
23.624311
23.939302
23.793468
23.630142
24.446789
24.669022
24.751198
24.939016
24.669022
24.357946
23.91188
24.598589
24.915546
25.743122
25.220745
24.974236
25.385096
25.396824
25.165161
25.549143
25.620031
25.980379
26.571106
26.139866
26.417511
26.848759
27.073219
26.771957
27.350872
26.653814
26.535675
26.890909
27.003832
27.966572
28.150778
28.745064
28.424158
29.05407
29.618635
29.13133
28.941168
29.250187
29.945492
29.963326
30.101543
30.860348
30.035833
29.964127
29.754999
31.051548
30.627337
29.749025
30.513811
30.137403
30.633322
33.035221
33.525169
35.670734
37.98233
38.168442
36.655407
37.616077
35.424568
36.35519
36.030968
33.737373
35.676727
34.241737
34.583969
32.242348
32.593636
34.277332
34.488544
35.230824
36.745544
35.092022
35.188583
35.846367
35.098049
35.906708
35.454109
35.055809
36.842102
35.670322
35.421673
36.798279
38.326488
38.629711
38.708542
38.532688
36.143337
35.561169
33.578117
34.148182
35.112411
34.275517
35.504974
36.638706
36.004784
35.657356
35.389168
34.804005
34.23716
36.224216
37.16288
36.894711
37.357941
37.418907
36.224216
37.10297
37.023319
37.366459
36.263485
37.409351
37.482891
37.292938
37.580933
37.72187
39.829781
38.653271
39.217018
38.138546
37.22802
37.923935
37.96703
36.211872
36.211872
35.780762
37.78228
38.699886
39.968529
39.371151
41.261814
42.302601
42.943092
42.752529
43.575432
42.133827
41.335712
39.999294
40.160164
41.515137
41.774994
42.319454
43.030956
44.212685
44.63961
46.044052
45.411022
44.97604
47.971138
46.91478
48.033291
46.858837
47.61694
45.510433
45.150032
45.690639
45.740356
46.939636
46.740791
46.983532
46.939854
43.688614
44.381306
43.59502
46.815029
47.08337
48.187912
48.306484
49.772953
50.147369
50.265942
50.690289
52.181393
52.338051
52.783035
51.817886
53.861027
51.717609
52.569954
54.186916
56.612343
57.621376
53.64167
51.441833
52.964794
52.943729
53.919029
53.944195
53.956791
55.794117
58.08456
58.241852
57.48679
58.820763
57.977596
58.021633
55.328537
54.648945
53.755955
55.771038
56.32056
57.798702
57.596546
59.017849
60.009579
58.165096
57.040691
53.743324
53.023209
54.2929
51.614552
54.15926
55.301193
55.19968
52.332184
54.501827
53.924541
54.064102
56.297222
56.221073
59.634201
58.657215
56.849144
56.347965
59.05307
57.797737
56.561485
55.306118
56.306591
54.108101
55.153179
56.249245
54.471333
51.960594
52.062557
50.800819
50.163593
49.112129
51.431767
51.246017
48.43425
49.638382
50.989826
51.655926
49.920204
39.941296
43.579292
44.219788
47.473499
47.364624
47.463058
48.835152
51.630898
49.34407
51.824146
48.32626
49.724121
52.590729
49.968922
50.310322
50.27169
49.266766
51.753265
48.291397
46.116039
43.960114
41.454575
43.50692
42.788277
45.306759
45.604565
45.216118
43.215576
43.099049
44.031334
45.83765
44.7435
44.828152
45.166821
47.524483
48.052021
46.274017
44.971424
44.606689
42.411877
44.626251
47.081596
45.844154
45.244965
44.424355
45.816204
45.947247
45.331314
45.855522
45.862072
45.016773
43.627617
45.390289
47.913052
48.207932
46.962906
47.559208
47.487137
49.022373
49.34531
48.936691
48.000801
44.955853
45.252441
44.942677
45.819229
45.549023
43.565186
42.464527
42.708382
42.708382
43.696823
43.119667
44.094849
44.313763
44.472973
44.141277
44.85112
45.613991
45.063393
45.932407
44.957249
42.25729
42.190948
40.660828
40.380306
39.759174
41.315353
42.143528
39.471992
37.782242
39.258266
38.710606
39.886078
39.859356
41.388817
40.012978
39.613182
40.225307
41.247757
41.167023
40.88451
41.536999
42.068413
43.306095
43.850967
44.624516
44.72543
47.086479
47.752415
47.748486
46.86174
48.188465
48.858601
48.851826
49.549034
49.494877
51.166832
52.68985
53.461525
53.468273
56.372169
56.060806
57.499432
58.071033
57.894123
55.879936
55.015728
56.900635
57.621925
58.486126
57.356544
58.765087
59.867481
56.267803
55.029335
55.820465
56.545876
55.55357
54.59552
54.075447
52.542549
56.121574
56.402153
56.799042
58.318256
54.602383
51.201279
49.271477
48.081406
50.037724
49.693283
48.914906
51.353413
47.743866
50.030815
50.671452
53.805695
55.19717
56.127132
54.088135
54.914719
53.980789
51.208984
55.290451
56.364529
55.546852
59.053173
58.734409
58.983871
58.817554
60.626183
59.47588
58.845284
58.069187
59.655098
60.853477
60.149773
58.735378
60.22641
59.606316
60.428478
59.097687
57.794773
59.432117
59.975582
58.923523
57.899288
57.154648
57.582592
54.664185
56.712666
58.382359
57.603634
60.030983
59.490791
59.960819
60.297562
61.349865
61.420025
62.044395
62.419365
62.172234
61.642662
63.492653
65.17318
64.904831
64.572975
65.349693
64.276421
65.067253
63.986893
63.739773
61.579117
61.424648
63.30043
62.625431
62.952286
62.582809
61.978863
60.465443
63.208046
63.669903
64.515427
65.176216
63.975422
62.959377
63.18285
63.783497
63.947952
63.619022
63.905045
63.847839
64.434212
63.647636
63.633339
62.532146
62.925434
64.369858
64.45565
66.067932
65.902351
65.13913
65.844742
65.218353
64.426315
65.052742
65.931152
67.248772
68.523178
68.249596
66.204758
65.319153
63.73341
63.450638
63.18969
63.254906
64.088661
64.277138
63.001183
62.580681
63.037411
63.472412
63.776886
65.118141
67.227837
69.539246
69.349449
68.232697
69.816612
69.568451
72.028259
74.093941
72.634109
73.371307
72.378632
69.232681
67.269196
66.115936
69.17907
69.855339
70.766876
69.825943
68.708618
69.326088
71.818039
71.568123
71.097649
73.817474
73.810112
74.986259
74.942146
74.555466
74.984703
74.400055
75.19194
75.96904
76.842308
74.903297
75.924614
75.295555
76.028236
76.361267
73.119713
73.815392
73.28994
73.405533
74.120949
73.971893
71.378479
72.377098
71.117638
69.99234
68.263382
67.972771
70.41713
72.071548
71.982117
71.375893
72.666962
67.960602
70.4226
65.003197
70.287514
69.964745
69.679512
69.131569
68.395958
68.223312
65.618683
68.681206
70.612373
68.003265
66.959633
64.758888
63.427856
63.934566
63.208561
63.753048
64.705933
65.74205
65.772285
67.194046
67.299942
66.059647
65.973175
64.966614
64.265121
64.066841
64.974251
63.944839
63.395844
62.694309
62.991699
60.955784
60.399136
58.584347
59.750999
55.51511
57.777912
55.769108
55.946125
55.938435
56.361729
58.401314
61.002747
63.481045
63.865852
63.681129
65.012642
60.109951
61.946007
63.063992
61.22401
57.714828
59.997334
61.588898
60.517502
57.986561
60.23024
59.446117
60.439861
62.171165
62.908695
64.631279
64.043716
64.466766
64.38842
65.963089
65.790741
64.991661
65.1875
66.566299
68.571823
69.25341
69.339569
69.457092
70.894028
71.107323
69.811722
71.083633
71.668205
70.617531
74.132988
73.896004
75.144188
74.267303
70.269928
69.171829
69.400925
69.952934
69.530647
69.650162
69.188042
66.949234
66.487144
69.538628
69.108376
68.949028
69.012772
67.546799
66.582748
68.255882
68.546791
70.025764
69.961464
71.536888
73.289139
72.911346
72.549652
71.134987
69.406853
69.037094
68.731674
67.148209
66.328354
66.318398
65.766823
66.886208
66.196739
66.513077
65.888504
66.521172
67.129547
66.261635
65.450485
66.229172
66.529297
66.959206
67.083862
66.77272
65.094185
67.24762
68.361183
66.821838
66.101318
65.683716
66.551643
65.60183
65.176071
65.675522
64.037926
63.360676
63.426811
63.302814
65.162956
66.196365
66.072357
67.775436
67.552216
68.130936
68.709625
69.205673
68.767502
68.569099
66.950851
67.935425
69.637566
68.97007
69.278778
70.06311
69.787743
72.382668
73.025146
72.716438
74.260033
70.53035
63.229507
64.516693
65.351181
63.682209
62.847706
63.319763
61.440056
62.88987
63.109016
65.61248
66.590256
65.570335
64.820137
68.5121
69.223572
67.018288
69.67485
71.181931
68.678642
69.291687
70.441162
70.100586
70.934998
69.308731
69.75148
68.286957
67.622833
67.322441
68.492363
68.965508
70.393501
71.331169
73.266708
73.13768
73.412941
70.006393
70.513931
66.694473
70.496735
69.567665
68.613174
65.597885
69.08242
67.466148
65.676086
59.193642
59.237076
61.826595
62.321911
63.42548
62.321911
65.971535
64.285744
68.276672
68.900482
70.288681
69.418854
70.420471
70.710419
70.99157
72.47641
71.097
71.281509
70.7192
68.065796
67.266273
67.459671
65.851158
62.891853
66.277718
66.073326
69.041519
68.09951
67.655174
68.98819
66.64209
66.482117
63.762764
62.954056
60.696823
60.722736
61.613457
63.817802
65.356339
64.852486
64.312653
62.054333
62.063332
60.830704
62.306255
62.621155
63.673836
63.003025
63.166924
62.037807
63.294411
63.039452
63.685963
63.640423
64.041092
62.957493
62.429363
60.389656
56.565224
55.973351
55.226669
54.615578
47.512688
44.048992
35.209637
30.240385
34.128963
36.216415
39.837135
39.920265
40.391331
39.846371
42.654278
38.793411
41.993649
42.812809
49.978092
44.41346
43.293003
41.070915
41.504036
40.157604
40.976761
40.892021
39.620914
40.901436
40.675465
39.375202
39.067959
37.522141
35.429043
35.707481
33.259132
31.665308
33.355148
32.740658
32.798267
31.319654
31.473278
34.641731
36.323151
39.518879
40.984001
43.0686
42.016464
40.905334
40.531681
44.700878
47.090302
46.637981
44.091232
49.115902
49.676384
52.369999
54.369999
60.93
61.970001
56.490002
57.709999
57.389999
55.869999
